-1.141432723911983871e+01 7.003275441237335919e+00 -5.600343878980958756e+00
-1.174995829708261930e+01 6.802827160202054024e+00 -5.574965520791505647e+00
-5.480688008008813839e+00 1.496509546505832289e-01 -2.671194221780913924e+00
-8.802679574314478117e+00 4.198068300863107893e+00 -2.424982320668245706e+00
-8.039559279322013197e+00 3.326787380102435687e+00 -4.940558132894726562e+00
-6.838471763643868329e+00 2.791829437843568851e+00 -5.318372565990181933e+00
-6.826038723660365903e+00 -6.593473217161833766e+00 -1.118009087539428137e+01
-6.793178875780794712e+00 -7.122090893233862019e+00 -1.157137339252734520e+01
-9.366054141517849985e+00 3.536855045947883358e+00 -2.737355155608454549e+00
-8.894146438958083323e+00 4.967057310122656055e+00 -2.665806203657972606e+00
-9.177072931361687225e+00 4.650325528981050560e+00 -4.725044735446874533e+00
-4.668872423651370340e+00 -1.268161716397450678e-01 -3.150977833587139454e+00
-8.996931147627270420e+00 4.754259033827965553e+00 -2.888869027050871452e+00
-8.409204276942892520e+00 3.253604260721614239e+00 -2.527366926757453669e+00
-6.956043543665615836e+00 -6.906550388966991250e+00 -1.225587189320615167e+01
-8.910338220957017441e+00 4.706616154359071658e+00 -2.768950773102979213e+00
-8.582705640046302875e+00 4.522638809736806209e+00 -5.117164775460843806e+00
-8.696546401664699388e+00 4.541452040907111076e+00 -4.955847846077514163e+00
-8.499190347913975430e+00 4.544725514558225044e+00 -2.331877402386362874e+00
-8.406351145011500492e+00 4.577559878257150494e+00 -2.170883051415943843e+00
-8.976414233258735109e+00 4.250539047654688041e+00 -2.955563395306385566e+00
-8.976349441061731937e+00 4.250701262507570632e+00 -2.957100545384282686e+00
-7.823902439924638408e+00 4.861630586950397515e+00 -7.578312345494685687e+00
-8.536717759663824623e+00 4.548932170219099902e+00 -2.367630023170079756e+00
-8.105416018622836560e+00 -6.128021819578179041e+00 -1.205081697593855417e+01
-3.847211385938602568e+00 -5.848874118391195198e-01 -3.262930894709027640e+00
-3.987623521442963170e+00 7.137256268783155333e-01 -5.109928593684963438e+00
-3.984674200147564793e+00 7.137555354336831970e-01 -5.109146580379568370e+00
-9.402256304406295229e+00 3.643704256432939381e+00 -3.290727811704362349e+00
-7.021698399174771232e+00 -6.132890663586578306e+00 -1.295850277049438937e+01
-3.903812102131277051e+00 -8.951540658327357125e-01 -2.750848552160273908e+00
-8.936205687758103977e+00 4.057302176451972997e+00 -2.378584145555367790e+00
-8.728260709706754383e+00 4.345003045314963508e+00 -2.280655952496779548e+00
-7.097354566668825804e+00 -6.563153467670230334e+00 -1.199062846512163638e+01
-9.399867378291977715e+00 3.644154393411062287e+00 -3.290233060363251916e+00
-7.261492844533464108e+00 -6.003228935104010233e+00 -1.301267803350336472e+01
-8.652067701979211378e+00 4.391724483739874785e+00 -2.428698720780952502e+00
-3.649000911970743388e+00 -6.368479848909643914e-01 -3.122906917441496510e+00
-3.159779875032374452e+00 7.909938763930598471e-01 -5.877517036540306883e+00
-5.262744983930327969e+00 1.136455192148686955e+00 -4.849508907531004276e+00
-8.611201375584691675e+00 4.193752558066250913e+00 -5.500584082952225451e+00
-8.611201375584682793e+00 4.193752558066248248e+00 -5.500584082952219234e+00
-8.548256353622692316e+00 4.565553331837899798e+00 -5.251419390029904655e+00
-1.161642669300575292e+01 7.218950373448350888e+00 -5.715469987976367072e+00
-5.375386772237580324e+00 2.401075989555762291e+00 -6.356448250376653952e+00
-4.563393891071814146e+00 -4.107543835168442348e-02 -3.431302079810534700e+00
-7.162728190216014035e+00 -6.708910992642615589e+00 -1.121310924391561770e+01
-4.173407875108605225e+00 6.738087505494751994e-01 -4.750253693235548802e+00
-5.028789290102199772e+00 3.400790027653003422e-01 -3.427080511420947051e+00
-4.480012861878970298e+00 9.638180143064092320e-01 -5.004702069823232513e+00
-4.885014972262610833e+00 6.074803666800920876e-01 -3.817578562356136018e+00
-4.973955485601398330e+00 7.710132592651204320e-01 -4.130794752368094791e+00
-5.230196918818000640e+00 7.635277732759716551e-01 -3.834629087298808248e+00
-9.940597297626833750e+00 5.171277735687207944e+00 -3.447712891331900842e+00
-4.580570629871283828e+00 -6.600381331069543611e-02 -3.210897271128794639e+00
-5.063497515964535012e+00 6.179035007686863867e-01 -3.813337702041036614e+00
-7.676569343715685889e+00 -5.875876581097530860e+00 -1.303565316386444728e+01
-7.819796668736061385e+00 3.103140896494644974e+00 -3.745920852913164456e+00
-4.272929066243930762e+00 8.470593375274886316e-01 -5.101108589313436248e+00
-4.610849778177259495e+00 4.773159517757288306e-01 -3.861048765715060505e+00
-4.925249227042569622e+00 6.123072530521089796e-02 -3.012377799401010137e+00
-8.106250436728538844e+00 3.279943759215496524e+00 -3.731863563896245850e+00
-8.036140461549022618e+00 -5.863311206495536609e+00 -1.255686144865340381e+01
-7.925507489070319878e+00 2.992328459298659205e+00 -3.639836733756153908e+00
-1.182751821977056217e+01 6.661248915515626479e+00 -5.493950451681663516e+00
-6.411215909507137489e+00 -6.873932391188044555e+00 -1.243497836951167912e+01
-7.862635855590543343e+00 3.089450741299564651e+00 -3.713138881260624746e+00
-8.951158315065656623e+00 3.988347872213529044e+00 -2.618349093542912787e+00
-5.108245621256496172e+00 1.434472968734039844e+00 -4.971317421632101663e+00
-3.967015107605764257e+00 8.717932408038717718e-01 -5.354442989566101652e+00
-8.671203017366041266e+00 2.759128803986546252e+00 -3.208639454485230580e+00
-7.396463674501560170e+00 -6.632032477517951108e+00 -1.191985670335984615e+01
-4.545472501674725052e+00 9.809705872274201433e-01 -5.064677060804365638e+00
-5.146646136628255874e+00 4.555083280943312829e-01 -3.299801874870279761e+00
-3.903381290819258886e+00 -2.919555585730011504e-01 -3.642185707538445172e+00
-5.367459310348593249e+00 8.810965889635096193e-01 -3.566071236268846700e+00
-8.762790393403840028e+00 4.318823620986176337e+00 -2.221144574198490762e+00
-7.858881114214073094e+00 3.125135827249456266e+00 -3.871752706267655775e+00
-6.999030986464581439e+00 -6.213645191696159920e+00 -1.329312635902279816e+01
-8.038746031595675134e+00 -5.863817609760879179e+00 -1.255421857465535851e+01
-6.260752975056805170e+00 -6.893018303163051641e+00 -1.170764761709868118e+01
-5.554686186251885260e+00 4.189128686351824005e-01 -2.729099509651652600e+00
-4.267990260521107970e+00 8.459679124771566361e-01 -5.096300810764667233e+00
-8.832801441698306277e+00 3.780934344175714390e+00 -3.476396774469975082e+00
-7.538843887236455821e+00 -5.950813152673317674e+00 -1.286032197433832280e+01
-8.035120494261807522e+00 -5.935319189713486487e+00 -1.242440325454500361e+01
-3.774021347809195515e+00 -4.341622844260172309e-01 -3.326563978762244300e+00
-3.774021347809195515e+00 -4.341622844260172309e-01 -3.326563978762244300e+00
-8.395586747864800969e+00 5.348091423074381012e+00 -7.498688596541954077e+00
-3.767599709519659612e+00 -1.981674172358925956e-01 -3.711215943680194584e+00
-5.211003349086921865e+00 4.807180967596503818e-01 -3.452033919299223097e+00
-5.211003349086921865e+00 4.807180967596503818e-01 -3.452033919299223097e+00
-1.086877698886345733e+01 4.988361597925671020e+00 -4.299245419973014570e+00
-6.968664485137034958e+00 -6.065250901218290913e+00 -1.316264924592932850e+01
-7.777338396960814748e+00 -6.142365649787402404e+00 -1.238393575891710086e+01
-7.669422909284251411e+00 -6.086591504034961631e+00 -1.253893830201615600e+01
-7.026551658992119975e+00 2.009394561091655262e+00 -4.448953110755207163e+00
-6.364675097040613849e+00 -6.965142535262633494e+00 -1.233912268431470949e+01
-8.035813652548830177e+00 5.517727491439934795e+00 -7.053750558048169417e+00
-6.359428248714508847e+00 -7.251729756536712479e+00 -1.181914152322726608e+01
-6.455871175288590891e+00 -6.535773567117202809e+00 -1.294796636381212984e+01
-9.670549688458235593e+00 5.513950409242112549e+00 -3.137071487371756895e+00
-8.438672320475747668e+00 5.606194568597202554e+00 -5.678859661640604628e+00
-4.238020495783016983e+00 1.217487494531732439e+00 -5.582458445128431812e+00
-7.983567657854128363e+00 3.471943841253038787e+00 -3.168389292153155345e+00
-9.308737841487792153e+00 3.665731016054214475e+00 -2.734110247512994807e+00
-1.111215827583087901e+01 7.282516021832805997e+00 -6.133564964310195045e+00
-8.520589045733375499e+00 3.855600356195777678e+00 -4.744754859490909027e+00
-6.428089688877618890e+00 -6.882937223879776134e+00 -1.245481542812042797e+01
-7.878245590390736020e+00 -6.612984574046540942e+00 -1.172364105014078284e+01
-9.313008156059680687e+00 4.800234812952749230e+00 -3.018999449965381832e+00
-7.867078399114953768e+00 -7.280177407361639652e+00 -1.226037684458593624e+01
-7.366912194787401447e+00 -6.007445569440906574e+00 -1.292151736236260717e+01
-9.468742938931384856e+00 3.417877528157078348e+00 -2.929113286661016335e+00
-7.929757875590262017e+00 2.261510343057252292e+00 -3.235260336091418942e+00
-3.270444704806991787e+00 -1.846078642577776430e-01 -5.005345716206775819e+00
-8.798190642620733470e+00 4.517726903364996716e+00 -5.055782514144318895e+00
-4.445157811884167032e+00 -6.802823154700755603e-01 -2.515621024602429312e+00
-8.177550024800339656e+00 -5.321919633984416365e+00 -1.328704491128849341e+01
-7.871403536655934730e+00 -6.134346308958170901e+00 -1.224977920774191453e+01
-7.063445890924464621e+00 -6.442456155804602069e+00 -1.144519463359610967e+01
-7.385361278761220838e+00 -6.624879310098772400e+00 -1.191414507756523733e+01
-6.711776259347215223e+00 -6.260100319457722939e+00 -1.310977001042862078e+01
-6.804526189582369433e+00 -7.119552465292668053e+00 -1.161040207532125379e+01
-7.464653102167662979e+00 -6.002386705489302088e+00 -1.071612932466618950e+01
-1.121389388062619474e+01 5.475803275136528647e+00 -4.635262883784284860e+00
-7.793791815021374525e+00 -5.992838750064788833e+00 -1.256131597937134003e+01
-7.661803656748887192e+00 3.292323515664568934e+00 -4.047950705806754534e+00
-1.013199059546323966e+01 5.263222674035157311e+00 -5.033510176353211740e+00
-7.983579954630506847e+00 2.364923710863081396e+00 -3.269423674116391343e+00
-3.477473701181428289e+00 -1.060052642485489027e+00 -2.900265900593427482e+00
-5.048375898409848794e+00 3.412327838071611552e-01 -3.436904983039796413e+00
-1.071049840862281322e+01 5.310038159042610673e+00 -5.016299559062042945e+00
-3.337928637758037276e+00 3.023214121058412918e-01 -5.320240628921799164e+00
-8.437349751792146080e+00 4.675401147379735889e+00 -5.012734427760331180e+00
-5.452904002542926065e+00 8.602120983377932184e-01 -3.688118470960405570e+00
-8.815991899568693668e+00 -4.797418665732221754e+00 -1.370387807515442802e+01
-5.482368287683088148e+00 2.187939961796662836e+00 -5.884137617121518282e+00
-8.431007453501328186e+00 4.529488723416916329e+00 -5.187818273191393992e+00
-8.734550641103488999e+00 -5.115170977737460767e+00 -1.278137407983731144e+01
-4.796438339894344871e+00 3.606608951692036324e-01 -3.748006799389552501e+00
-4.067508719222953317e+00 5.792443605105828119e-01 -4.946234809598949234e+00
-5.192374452108081684e+00 1.363820879237744643e+00 -4.788289108907459735e+00
-5.395090005014179901e+00 2.100887335286333535e+00 -5.814371963622272155e+00
-5.294434172927062754e+00 1.719140609420884702e-01 -2.877346762212664277e+00
-4.812211396674046071e+00 -8.295705415512127923e-02 -3.002953108698670270e+00
-8.612237614739953528e+00 2.870283787176244328e+00 -3.769962687753276143e+00
-3.772666032290350913e+00 -6.627034920743025692e-01 -3.199609852963477774e+00
-4.069147397816049505e+00 -3.083560913458492925e-01 -3.441742718377042376e+00
-4.087694895341739354e+00 -4.409972343313017795e-01 -3.232905516180121452e+00
-3.845285410130923509e+00 -5.801739538873760260e-01 -3.260259308978227022e+00
-7.860820515339811188e+00 3.025378215765652357e+00 -4.737045293192652551e+00
-3.650286853266123455e+00 -8.576555560479982576e-01 -3.054560483960888195e+00
-6.337377515216060964e+00 -7.019825477495707844e+00 -1.221965103201918446e+01
-8.850650531883177408e+00 4.187988935640813537e+00 -2.234599158372699623e+00
-5.222938327134899694e+00 6.281967582417623541e-01 -3.703507348278138878e+00
-4.274609953703552456e+00 -3.095657308776106342e-01 -3.258278130530931627e+00
-3.916565402495078896e+00 -3.394688425536506182e-01 -3.572261146742956139e+00
-3.916565402495078896e+00 -3.394688425536506182e-01 -3.572261146742956139e+00
-1.007135178372421436e+01 5.890848701344805427e+00 -4.933398632470495926e+00
-5.250948084569452057e+00 9.191863768425014847e-01 -4.087451867369658487e+00
-3.593848079710083798e+00 -1.079352007889704534e+00 -2.824551914375610373e+00
-7.028583322548609402e+00 -7.071884175735801747e+00 -1.146632049829227995e+01
-1.034294291393135090e+01 5.673314122442095986e+00 -4.804735299583119179e+00
-6.821610626316174653e+00 -6.590819083060921457e+00 -1.116619278147538807e+01
-1.072723004436532079e+01 5.611515462086433814e+00 -5.189877869003555411e+00
-8.097585712162937099e+00 3.306329036528854459e+00 -4.213139365371692868e+00
-5.420797291114517691e+00 1.451498848749753767e+00 -4.665514214476778498e+00
-9.136942621507339268e+00 4.839048929209648797e+00 -3.026604164616912840e+00
-7.655936747061774739e+00 -5.842161629499565301e+00 -1.299226824273878123e+01
-6.556039502405299757e+00 -6.573040164972129951e+00 -1.281654839636459897e+01
-6.524407545712660017e+00 -7.271120336883038604e+00 -1.161223896055003557e+01
-9.617654976671955680e+00 5.520328274517153133e+00 -4.960376240815637772e+00
-5.286060136412297439e+00 1.751813654720589586e+00 -5.244367643098433618e+00
-7.073637701199515959e+00 4.346442976349256249e+00 -6.000008359414827908e+00
-8.172882069892784429e+00 3.485800870881345048e+00 -3.898245430381332977e+00
-9.149817245537221311e+00 4.433300272845053236e+00 -3.110074950295625751e+00
-8.678262669769608806e+00 -4.913660642747329277e+00 -1.286331895216180676e+01
-4.055421769251539743e+00 1.551286164579675830e+00 -6.327876339501265157e+00
-4.590470349283735096e+00 -3.747226744901803464e-02 -3.447296965976879068e+00
-1.089059425970121353e+01 5.596872856257667728e+00 -5.148202665013606349e+00
-8.638283924327057051e+00 4.568821342547659370e+00 -5.070629523033145958e+00
-5.103243940843284143e+00 1.438492087939613917e+00 -4.970354077102404844e+00
-1.017417036339252334e+01 4.376961997096657342e+00 -4.253755479946192963e+00
-7.844813392510180172e+00 3.277556628372861436e+00 -3.825121111203521718e+00
-6.737194270575754373e+00 -6.293297317409768610e+00 -1.315908914979030619e+01
-7.762762939042483268e+00 -6.061971876437483253e+00 -1.236357862461383839e+01
-6.968334735160017779e+00 -6.569119974036410348e+00 -1.231257041565205057e+01
-9.384238341294626196e+00 3.528568442800553040e+00 -3.142723095960918478e+00
-9.406560949609998445e+00 3.500165610539033523e+00 -3.185591014839507462e+00
-9.567484166696402781e+00 3.608382515717946770e+00 -3.497977017667566191e+00
-4.733747087606341886e+00 -1.739720726198970002e-01 -2.945645856779068872e+00
-3.883700865076039843e+00 3.022570357808500585e-01 -4.664781887038304653e+00
-5.413700307579682125e+00 2.103264140006992466e+00 -5.831767679834308993e+00
-1.407012397099387968e+01 8.296851504238759389e+00 -6.838902262080435612e+00
-8.415567913157088853e+00 4.582507216106310288e+00 -2.169505697184612281e+00
-5.155285232665825390e+00 6.159366054172774607e-01 -3.662649538639497049e+00
-7.753469350449608832e+00 -6.411743464354929145e+00 -1.199558682138197696e+01
-6.276338882490653859e+00 -7.161529555501130240e+00 -1.212199518683527977e+01
-5.334390914728936117e+00 8.728909692564370548e-01 -3.910578564611712604e+00
-1.211334048212156489e+01 8.919660485040570297e-01 -9.036024028473427450e+00
-3.924536852525460251e+00 5.508543120121466297e-01 -4.806531410900984014e+00
-8.534495959090319772e+00 -5.525194997253048079e+00 -1.247017890261780870e+01
-8.617260094645347479e+00 -5.312104625466028907e+00 -1.289524151750248038e+01
-6.976981260185625366e+00 -7.241870581866721501e+00 -1.121265880396746795e+01
-8.995177507592309496e+00 4.327765619497831118e+00 -2.940208983495169015e+00
-4.933733325832781347e+00 1.378988012441093369e+00 -5.103298740560300750e+00
-8.809828090539056689e+00 4.201862561797319984e+00 -2.427698569277707996e+00
-6.745053746939559502e+00 -6.430324942136072863e+00 -1.293448077731549795e+01
-7.970010340168728113e+00 2.995810457437463992e+00 -3.684103817119340096e+00
-8.095735053851557339e+00 2.973936557971206707e+00 -3.533817731075062696e+00
-8.646916636656918342e+00 3.209361824210395397e+00 -3.284313580446322156e+00
-9.003307920916139295e+00 4.374244859438563893e+00 -3.035509866711602722e+00
-3.218603804761192233e+00 -1.008855545273226739e-02 -5.012450032186973381e+00
-9.545694546430647520e+00 3.431752669734148498e+00 -3.036480152599263072e+00
-8.830972125409580542e+00 4.169327547152429148e+00 -2.631148691326660849e+00
-8.989748626103153839e+00 4.467631587997710874e+00 -2.818271512324853845e+00
-7.871159337468212946e+00 3.101050146777372785e+00 -3.709449082339249415e+00
-4.297963952630227347e+00 -1.849334632512884546e-01 -3.373383752431732940e+00
-4.297963952630227347e+00 -1.849334632512884546e-01 -3.373383752431732940e+00
-5.540139954452833138e+00 1.529175557490878579e-01 -2.589442144975785620e+00
-9.181638132033763000e+00 3.891005035794974809e+00 -2.515280926441173293e+00
-8.959983961160121524e+00 4.557594050780067185e+00 -4.964634798187649523e+00
-9.974578054375452751e+00 4.411638576826756974e+00 -4.502891538349156342e+00
-5.244196605813868040e+00 3.266501733790184714e-01 -3.105796705230542631e+00
-3.536877731925170742e+00 -1.117209342219895180e-01 -5.942387367091550132e+00
-7.844884809400732628e+00 3.040213272801207900e+00 -3.905171325632593504e+00
-1.032424076844945304e+01 4.652835403879937992e+00 -4.486483268099473953e+00
-8.213227515904289788e+00 3.046948742780161812e+00 -3.990433799389346614e+00
-8.148393688532495460e+00 3.116430419473338542e+00 -3.584112472753140377e+00
-9.320087088851211732e+00 5.140269879906444572e+00 -3.053664478804178906e+00
-8.945766674450966960e+00 4.000729343067069621e+00 -2.332001843670181707e+00
-8.258217013620363645e+00 3.159195458652210409e+00 -3.613847897654713037e+00
-8.308420043871450389e+00 -4.284269638490359355e+00 -1.186000303498747321e+01
-8.832469830191410409e+00 -4.676305833552711455e+00 -1.358733223397740097e+01
-1.061043687806170155e+01 7.102778184696877162e+00 -6.273772797340244622e+00
-8.688191380539606712e+00 4.806124358099548743e+00 -2.432138699468498810e+00
-4.552226640622986764e+00 -6.047485981508184116e-02 -3.313535989287050398e+00
-8.836033144042955811e+00 4.969081012149862531e+00 -2.518635755292983891e+00
-4.553074008020435492e+00 -6.125000585480237791e-02 -3.314102359163618061e+00
-9.491841975533811038e+00 3.424170865369177807e+00 -2.935230993599177829e+00
-1.204388238069512518e+01 5.941325709770012509e+00 -4.465576338794275735e+00
-1.079164415075647376e+01 4.779487225225985902e+00 -4.187997435421739745e+00
-9.488146387742240506e+00 4.165113712978154581e+00 -3.445705006470688669e+00
-9.405773535899445648e+00 3.565875344350172504e+00 -3.270588864321902101e+00
-4.356293292181118382e+00 1.134415226503642016e+00 -5.313447399924575265e+00
-4.356293292181118382e+00 1.134415226503642016e+00 -5.313447399924575265e+00
-5.052203536347292356e+00 5.522078810899005985e-02 -2.959207460781029031e+00
-8.765851124632956015e+00 4.847286874604157525e+00 -4.614277554197369291e+00
-9.937566247232700434e+00 4.080387304899534939e+00 -3.510566222497367495e+00
-8.881819761131513502e+00 -4.749999801901319429e+00 -1.241193968662878966e+01
-7.768393478251653050e+00 3.105309049249566300e+00 -3.988716241392936013e+00
-9.199407690812920535e+00 4.081112122429501277e+00 -3.124144773618834581e+00
-9.990930917362758734e+00 5.334000951292690473e+00 -4.708357658109982857e+00
-7.674680010248561501e+00 3.280410708484537086e+00 -4.058330744043203708e+00
-5.253042567498219739e+00 1.210047556120694701e+00 -4.431030558786451579e+00
-7.815618241565473134e+00 5.614708430661088379e+00 -7.044885364145335060e+00
-4.443722368534817946e+00 1.126916455353950575e+00 -5.226255780484250657e+00
-3.787116003692652555e+00 -9.763670742300231131e-01 -2.698660570818755211e+00
-1.086351270471299202e+01 5.364723413733715418e+00 -4.971857800370114155e+00
-5.011074411769816273e+00 3.162903287049456669e-01 -3.132706051363444377e+00
-9.498730246687708600e+00 4.615030977089449316e+00 -3.284208471385418715e+00
-4.482652944073755030e+00 -1.881021925928256233e-01 -3.161687550827075643e+00
-8.624419025647343418e+00 3.080139762478722787e+00 -3.560612891319579365e+00
-7.710876595057081673e+00 3.228892703847049184e+00 -4.118060422250165331e+00
-7.934884518886012650e+00 4.554547776335033937e+00 -6.977734652073641186e+00
-8.815972833467080605e+00 5.624487747741363286e+00 -5.076185535151068073e+00
-6.751643594560940542e+00 -6.907808721210400904e+00 -1.229555947444354125e+01
-7.202784922209189311e+00 4.534136292480628327e+00 -6.043802010767862498e+00
-9.556803951289630561e+00 -4.047647004216884170e+00 -1.313931634984269081e+01
-4.994595614632657998e+00 7.774241214917881893e-01 -4.143444686557160139e+00
-4.293504185996421363e+00 -4.030899466642491602e-02 -3.613072354739750303e+00
-6.973190884811377721e+00 -7.106050955859568141e+00 -1.154108705037465832e+01
-7.906426197909149245e+00 3.187080680719170722e+00 -3.848961900723321339e+00
-9.453432348832857102e+00 5.090708549753610868e+00 -4.690095041800305786e+00
-7.244774875641383005e+00 -5.700324889632436332e+00 -1.071379822022476702e+01
-1.154645195517805867e+01 7.368143042102731854e+00 -5.956884154453550018e+00
-7.336595545062954749e+00 4.484948203379594212e+00 -6.143957550449226090e+00
-9.771858803995096210e+00 4.673970208613364541e+00 -3.454569546617816123e+00
-6.362685116243619987e+00 -4.875960295912785014e+00 -1.066602743812434895e+01
-3.729323677449224217e+00 5.839332689108830410e-01 -5.164509976620028198e+00
-9.465193710005129546e+00 3.427418129607164854e+00 -3.050419939560741867e+00
-3.867427235977777489e+00 -2.941739591148392896e-01 -3.617814608488343797e+00
-3.215729419517566967e+00 -2.205538722880258373e-02 -4.886500387871872242e+00
-3.883700865076039843e+00 3.022570357808500585e-01 -4.664781887038304653e+00
-8.190104158041124904e+00 5.287583107218214451e+00 -5.195083126542652252e+00
-4.468461335734984274e+00 -3.923328743516638073e-01 -2.876746978582201741e+00
-4.776329772801133799e+00 6.196127230864101332e-02 -3.244605200887226815e+00
-5.538752609928547344e+00 1.528558157361518954e-01 -2.589512064223987498e+00
-4.586855561909994883e+00 8.698773572709508906e-02 -3.575788847642023871e+00
-4.749207615711161345e+00 1.449947509051370931e+00 -5.512233674353145929e+00
-4.127647630189589911e+00 -6.212815335971868524e-01 -2.923279573627878491e+00
-8.822356458115720557e+00 4.206214805507687338e+00 -2.281196119419491186e+00
-7.981205725993092415e+00 4.605481777619221617e+00 -6.952498744775453154e+00
-8.622298570840520426e+00 4.777004441491076392e+00 -2.433165406732481717e+00
-8.309804803056783484e+00 -5.837787086483156251e+00 -1.260467505167754965e+01
-4.525473074747847768e+00 -3.576133333697386618e-01 -2.856593867574041212e+00
-1.035648678720034788e+01 -2.660811334536366424e+00 -1.185916943368745535e+01
-6.842733135455444149e+00 -6.150882360559574380e+00 -1.323436781767759918e+01
-5.727410999103630829e+00 1.656680269310556453e-02 -2.224944276107029939e+00
-9.878747636808695276e+00 -2.960013197999434187e+00 -1.186817657238969659e+01
-1.051582561860561782e+01 4.726031450218773244e+00 -4.329105165340195072e+00
-4.773335708654537157e+00 6.253487527350978792e-02 -3.243311772645411040e+00
-9.522916384013262459e+00 3.568394077463922898e+00 -3.168161916254264021e+00
-4.941636813691655306e+00 1.218969126133782277e+00 -4.850966324723477996e+00
-4.942757767627561805e+00 1.218956006176084461e+00 -4.851647099716188016e+00
-9.449475591128788210e+00 3.754530148474243045e+00 -3.388119240194351622e+00
-1.079481579650017586e+01 7.321923993174560330e+00 -6.166344989249103570e+00
-8.576417392262545292e+00 3.341745778127268363e+00 -3.462960551086212480e+00
-4.441050912093600367e+00 -6.792222671509713372e-01 -2.515379837689288411e+00
-5.223041190045679905e+00 -1.983340005226474911e-02 -2.033443743864016717e+00
-1.008419923537042528e+01 5.545441491136851475e+00 -4.709488494625458266e+00
-6.956161528781168890e+00 -5.140405417492456941e+00 -9.695414117186919256e+00
-5.047847247862345732e+00 6.329878389751213419e-01 -3.918371614087532429e+00
-8.494758388448472530e+00 3.424803390527209501e+00 -3.624359982982113149e+00
-1.109017692296468560e+01 7.261770406463032401e+00 -5.640765920350698792e+00
-1.077818073211539662e+01 4.769791344537507527e+00 -4.160046452933739758e+00
-8.533631839389677509e+00 4.511092138529493312e+00 -2.395838457406508581e+00
-8.881344559807411443e+00 4.120832569444865534e+00 -2.338659803143558147e+00
-6.723457230936977780e+00 -5.922508909748609440e+00 -1.012585202883021829e+01
-4.925249227042569622e+00 6.123072530521089796e-02 -3.012377799401010137e+00
-7.996929716359894691e+00 -6.287071552433413757e+00 -1.194920911289263898e+01
-4.357982962147999295e+00 7.127839107908583438e-01 -4.922050176362289697e+00
-6.541308212505167141e+00 -6.541076316184107675e+00 -1.277177718070784529e+01
-5.370577452871925672e+00 2.400171038893836428e+00 -6.357374213637744909e+00
-5.124520868299063281e+00 4.973521565827783153e-01 -3.715429540756491011e+00
-8.041821372687799396e+00 5.084988007556153988e+00 -5.330283202803959064e+00
-9.443610233162790024e+00 3.645932222561729663e+00 -3.353554649940637677e+00
-9.484100203295829701e+00 3.518919310426340985e+00 -2.921649367557081600e+00
-9.516294716826394051e+00 3.777787232726124600e+00 -3.287323432191575190e+00
-5.007498790205855421e+00 3.128271169448528788e-01 -3.119508724252251675e+00
-5.181952819228349938e+00 1.049233550645861657e+00 -4.295641967114474546e+00
-4.569109221444679569e+00 -1.949610749223733841e-01 -3.094636774968406279e+00
-4.586855561909994883e+00 8.698773572709508906e-02 -3.575788847642023871e+00
-8.536606523103301924e+00 -4.366086778712547911e+00 -1.187982867689536981e+01
-7.097407543078046110e+00 -6.387543709798681135e+00 -1.247582960426541909e+01
-8.281694916928504568e+00 4.037834284681414587e+00 -5.512570252485815558e+00
-8.605402021434656490e+00 -5.589810915460295959e+00 -1.244672155975990258e+01
-3.880370206944139699e+00 2.365785752692224631e-01 -4.536315472097724566e+00
-8.612682336668230576e+00 4.538413853760686401e+00 -5.145715072560558490e+00
-4.914518467173709659e+00 4.686673025788538061e-01 -3.599829368989614142e+00
-4.525473074747847768e+00 -3.576133333697386618e-01 -2.856593867574041212e+00
-6.884804837405861910e+00 -6.916685910869066589e+00 -1.170812218742777588e+01
-1.039437375414753895e+01 5.051254475512392261e+00 -4.849529782420021640e+00
-5.196948594711146008e+00 1.774475216896822527e+00 -5.062652968443695833e+00
-9.341459647040528225e+00 4.651804885589445604e+00 -4.795564535050833577e+00
-9.027845606149350388e+00 -4.631916251284169839e+00 -1.367623891460963392e+01
-8.558760545453731439e+00 4.451522269417306887e+00 -2.399950497995037235e+00
-5.224089255381825225e+00 1.212298398261987487e+00 -4.569233458535440384e+00
-8.304536697756457642e+00 4.184540020154632778e+00 -5.363833223127191907e+00
-8.620172171934113337e+00 4.427305933035568408e+00 -5.295678295080948672e+00
-9.281393437643556510e+00 4.611017010688887474e+00 -4.757254630076348967e+00
-4.468368746854599394e+00 -3.918597271863649700e-01 -2.876948688265539733e+00
-8.172882069892784429e+00 3.485800870881345048e+00 -3.898245430381332977e+00
-7.543387039710135689e+00 -5.956975045097850696e+00 -1.286627653922035464e+01
-8.662366779002228512e+00 -4.947244974301765907e+00 -1.344204145052887966e+01
-3.940539419042467628e+00 -1.959917279667025558e-01 -3.834258429775532662e+00
-8.872291063746091666e+00 4.102689986526731225e+00 -2.474881152723257038e+00
-3.466455207404298022e+00 7.239362940067320951e-01 -5.658842458666945241e+00
-7.035796504552838115e+00 -5.675099972204536769e+00 -1.018066562229049588e+01
